0.0371, 0.0951, 0.2501, 0.3071, 0.0958, 0.0176
3.7256, 0.4543, 2.5698
0.0000, 0.0000, -0.0000, -0.0281, -0.1081, -0.0905, -0.1925, 0.1045, -0.2228
-0.3994, -0.0050, 0.1500, -0.1293, -0.0043, 0.0102
0.3361, 3.8565, 5.3247
-0.0000, -0.0002, -0.0002, -0.1467, 0.1326, -0.1728, 0.0972, -0.0910, 0.0844
-0.5026, 0.0099, 0.1650, -0.2298, 0.0102, 0.0091
3.4779, 5.5428, 2.1699
-0.0002, -0.0059, -0.0063, -0.1875, 0.1446, -0.1940, 0.1383, -0.1772, 0.1363
-0.0107, -0.2900, -0.1350, 0.2593, -0.2894, 0.0137
2.5952, 0.3307, 2.5274
0.0000, 0.0000, 0.0000, 0.1169, 0.1792, 0.0652, 0.1089, 0.2274, 0.0836
-0.0670, -0.1653, -0.0103, 0.2030, -0.1646, 0.0210
6.2310, 2.9665, 5.6222
0.0000, 0.0000, 0.0000, 0.0509, 0.1829, -0.0514, 0.0538, 0.2538, 0.0072
-0.0812, -0.0764, 0.0786, 0.1888, -0.0757, 0.0217
0.0981, 2.9755, 2.4782
0.0000, 0.0000, 0.0000, 0.0187, -0.1245, 0.1203, 0.0112, -0.1946, 0.0601
-0.0099, -0.2878, -0.1328, 0.2601, -0.2871, 0.0137
0.3131, 2.5901, 2.7086
0.0000, 0.0000, 0.0000, -0.1174, -0.1777, -0.0650, -0.1067, -0.2289, -0.0812
-0.3682, -0.0065, 0.1485, -0.0982, -0.0058, -0.1794
0.4178, -2.4660, -0.9805
0.0000, 0.0000, -0.0000, 0.0000, -0.0000, 0.0001, 0.0000, -0.0000, 0.0000
-0.3682, -0.0065, 0.1485, -0.0982, -0.0058, -0.1794
0.4178, -2.4660, -0.9805
0.0000, 0.0000, 0.0000, -0.0000, -0.0000, 0.0000, -0.0000, -0.0000, 0.0000
-0.0818, -0.0632, 0.0918, 0.1882, -0.0625, -0.4129
2.9361, 0.0516, 2.4627
0.0000, 0.0000, 0.0000, -0.0000, -0.0000, -0.0000, -0.0000, -0.0000, 0.0000
0.0365, 0.0943, 0.2493, 0.3065, 0.0950, -0.3355
2.4194, 0.0092, 2.4278
0.0000, 0.0000, 0.0000, 0.0000, -0.0000, 0.0000, -0.0000, 0.0000, -0.0000
-0.0100, -0.2878, -0.1328, 0.2600, -0.2871, 0.0137
0.3131, 2.5901, 2.7086
0.0000, 0.0000, 0.0000, -0.1172, -0.1778, -0.0648, -0.1068, -0.2288, -0.0812
0.0365, 0.0943, 0.2493, 0.3065, 0.0950, -0.3355
2.4194, 0.0092, 2.4278
-0.0000, -0.0000, -0.0000, 0.0000, 0.0000, 0.0000, 0.0000, 0.0000, 0.0000
-0.0100, -0.2877, -0.1327, 0.2600, -0.2870, -0.2602
0.3131, 2.5901, -0.4330
0.0000, 0.0000, 0.0000, -0.0000, -0.0001, -0.0000, -0.0001, -0.0000, -0.0001
-0.0100, -0.2878, -0.1328, 0.2600, -0.2871, 0.0137
0.3131, 2.5901, 2.7086
-0.0000, -0.0000, -0.0000, -0.1172, -0.1778, -0.0648, -0.1068, -0.2288, -0.0812
0.0365, 0.0944, 0.2494, 0.3065, 0.0951, -0.3354
2.4194, 0.0092, 2.4278
0.0000, 0.0000, 0.0000, -0.0000, -0.0001, -0.0000, -0.0000, -0.0001, -0.0000
0.0368, 0.0940, 0.2490, 0.3068, 0.0947, 0.0177
2.4195, 0.0092, -0.7138
0.0000, -0.0000, -0.0000, 0.0277, 0.1069, 0.0903, 0.1917, -0.1056, 0.2222
0.0365, 0.0943, 0.2493, 0.3065, 0.0950, -0.0177
2.4194, 0.0092, -0.7138
0.0000, -0.0000, -0.0000, 0.0281, 0.1069, 0.0907, 0.1917, -0.1051, 0.2222
0.0365, 0.0943, 0.2493, 0.3065, 0.0950, -0.0062
2.4195, 0.0092, -0.7138
0.0000, 0.0000, 0.0000, 0.0272, 0.1035, 0.0877, 0.1855, -0.1017, 0.2150
0.0365, 0.0943, 0.2493, 0.3065, 0.0950, -0.0420
2.4194, 0.0092, -0.7138
0.0000, 0.0000, 0.0000, 0.0273, 0.1039, 0.0882, 0.1863, -0.1021, 0.2159
-0.3681, -0.0064, 0.1486, -0.0981, -0.0058, -0.1793
0.4178, -2.4660, -0.9805
0.0000, 0.0000, 0.0000, -0.0000, -0.0000, -0.0000, -0.0001, -0.0000, -0.0001
-0.3681, -0.0065, 0.1485, -0.0981, -0.0058, -0.1794
0.4178, -2.4660, -0.9805
0.0000, 0.0000, 0.0000, -0.0000, -0.0000, -0.0000, -0.0000, -0.0000, -0.0000
-0.0100, -0.2877, -0.1327, 0.2600, -0.2871, -0.0451
0.3131, 2.5901, 2.7086
0.0000, 0.0000, 0.0000, -0.1188, -0.1801, -0.0657, -0.1081, -0.2319, -0.0822
-0.0100, -0.2878, -0.1328, 0.2600, -0.2871, -0.0157
0.3131, 2.5901, 2.7086
0.0000, 0.0000, 0.0000, -0.1312, -0.1990, -0.0725, -0.1195, -0.2561, -0.0909
0.0367, 0.0945, 0.2495, 0.3067, 0.0951, -0.0321
2.4194, 0.0092, -0.7138
0.0000, 0.0000, 0.0000, 0.0325, 0.1239, 0.1048, 0.2219, -0.1215, 0.2572
-0.3682, -0.0064, 0.1486, -0.0982, -0.0058, -0.0273
0.4178, -2.4660, 2.1611
0.0000, -0.0000, -0.0000, 0.1334, -0.1234, 0.1651, -0.0805, 0.0661, -0.0651
-0.3681, -0.0065, 0.1485, -0.0981, -0.0058, -0.0273
0.4178, -2.4660, 2.1611
0.0000, -0.0000, -0.0000, 0.1467, -0.1358, 0.1815, -0.0886, 0.0726, -0.0717
0.0099, -0.2879, -0.1329, -0.2601, -0.2872, -0.0624
0.3131, -0.5515, 0.4330
0.0000, 0.0000, 0.0000, 0.1382, 0.2094, 0.0765, 0.1258, 0.2696, 0.0957
-0.0362, 0.0043, 0.1593, -0.3062, 0.0050, 0.0245
1.9488, 0.7466, -1.0027
0.0000, 0.0000, 0.0000, 0.0361, -0.0237, 0.1320, 0.1178, 0.0353, -0.0151
-0.2440, 0.0014, 0.1564, 0.0260, 0.0021, 0.0657
1.1671, 0.9192, 1.5259
-0.0000, -0.0000, -0.0000, 0.0209, -0.0171, -0.1254, -0.2255, 0.0215, -0.0213
0.0100, -0.2877, -0.1327, -0.2600, -0.2871, -0.2602
0.3131, -0.5515, -2.7086
0.0000, 0.0000, -0.0000, 0.0000, 0.0000, 0.0000, 0.0000, 0.0000, 0.0000
-0.0348, 0.0969, 0.2519, -0.3071, 0.0974, -0.3579
2.4297, -3.1252, 0.7151
-0.0000, -0.0047, -0.0052, 0.0041, -0.0018, -0.0001, -0.0075, 0.0132, -0.0092
0.3681, -0.0065, 0.1485, 0.0981, -0.0058, -0.1794
0.4178, 0.6756, -2.1611
0.0000, 0.0000, 0.0000, -0.0000, -0.0000, -0.0000, -0.0000, -0.0000, 0.0000
0.3681, -0.0065, 0.1485, 0.0981, -0.0058, -0.1794
0.4178, 0.6756, -2.1611
0.0000, 0.0000, 0.0000, 0.0000, 0.0000, -0.0000, 0.0000, 0.0000, -0.0000
0.0366, 0.0940, 0.2490, 0.3075, 0.0947, -0.3382
2.4212, 0.0120, 2.4275
0.0000, -0.0018, -0.0021, -0.0005, 0.0003, -0.0002, 0.0008, -0.0013, 0.0010
0.0372, 0.0946, 0.2496, 0.3072, 0.0953, -0.3362
2.4201, 0.0073, 2.4279
0.0000, 0.0000, 0.0000, 0.0012, -0.0008, 0.0016, -0.0003, 0.0008, -0.0006
-0.3681, -0.0065, 0.1485, -0.0981, -0.0058, -0.1794
0.4178, -2.4660, -0.9805
0.0000, 0.0000, 0.0000, 0.0000, 0.0000, 0.0000, 0.0000, 0.0000, 0.0000
-0.0100, -0.2879, -0.1329, 0.2600, -0.2872, -0.2602
0.3130, 2.5901, -0.4330
0.0000, -0.0000, -0.0000, 0.0001, 0.0000, 0.0001, 0.0001, 0.0001, 0.0001
-0.2092, 0.0024, 0.1574, 0.0608, 0.0030, -0.0709
1.2671, 0.9096, -1.5267
0.0000, 0.0000, -0.0000, -0.0174, 0.0192, 0.1221, 0.2170, -0.0177, 0.0192
-0.0100, -0.2878, -0.1328, 0.2600, -0.2871, -0.2602
0.3131, 2.5901, -0.4330
0.0000, 0.0000, 0.0000, -0.0000, 0.0000, -0.0000, -0.0000, -0.0000, -0.0000
-0.0098, -0.2883, -0.1334, 0.2602, -0.2877, -0.2583
0.3178, 2.5878, -0.4303
0.0000, 0.0000, 0.0000, 0.0001, 0.0000, 0.0001, 0.0000, 0.0004, -0.0004
-0.0734, 0.0016, 0.1566, 0.1966, 0.0023, -0.0832
1.6941, 0.8673, -1.1977
0.0000, -0.0000, -0.0000, -0.0333, 0.0284, 0.0755, 0.1915, -0.0350, 0.0299
-0.0737, 0.0020, 0.1570, 0.1963, 0.0026, -0.0826
1.6945, 0.8665, -1.1972
0.0000, 0.0000, 0.0000, -0.0324, 0.0283, 0.0765, 0.1914, -0.0344, 0.0299
-0.0522, 0.0001, 0.1551, 0.2178, 0.0008, -0.0749
1.7455, -2.2956, 1.1553
0.0000, 0.0000, 0.0000, 0.0365, -0.0291, 0.1090, 0.0853, 0.0397, -0.0277
0.0365, 0.0940, 0.2490, 0.3068, 0.0946, -0.3360
2.4207, 0.0102, 2.4276
0.0000, -0.0006, -0.0006, -0.0001, -0.0000, -0.0001, -0.0000, -0.0002, -0.0001
-0.2493, 0.0023, 0.1573, 0.0207, 0.0030, -0.0467
1.1148, -2.2445, 1.6418
0.0000, 0.0000, 0.0000, 0.0250, -0.0193, 0.0583, 0.0368, 0.0274, -0.0185
-0.3680, -0.0077, 0.1473, -0.0979, -0.0070, -0.1803
0.4183, -2.4658, -0.9808
0.0000, -0.0001, -0.0001, 0.0018, 0.0002, 0.0019, 0.0003, 0.0016, 0.0004
0.3160, 0.0015, 0.1565, 0.0460, 0.0021, 0.0007
0.8699, 0.8693, 1.2998
0.0000, -0.0000, -0.0000, -0.0245, 0.0156, -0.0430, -0.0204, -0.0267, 0.0194
-0.0037, -0.0937, 0.0613, -0.2737, -0.0930, -0.0842
1.4352, -0.6760, -0.2923
0.0000, 0.0000, 0.0000, 0.0468, 0.0580, 0.0496, 0.0580, 0.1855, -0.0746
-0.0019, 0.0997, 0.2547, -0.2719, 0.1003, -0.0090
1.8799, 2.6268, -2.6005
0.0000, 0.0000, 0.0000, -0.0394, -0.0556, -0.0392, -0.0525, 0.0944, -0.1856
-0.0019, 0.0997, 0.2547, -0.2719, 0.1003, -0.0090
1.8798, 2.6269, -2.6005
0.0000, 0.0000, 0.0000, -0.0394, -0.0555, -0.0392, -0.0524, 0.0943, -0.1856
-0.0100, -0.2878, -0.1328, 0.2600, -0.2871, -0.2602
0.3132, 2.5901, -0.4329
0.0000, 0.0000, 0.0000, -0.0000, -0.0000, -0.0000, -0.0000, 0.0000, -0.0000
0.0020, 0.0997, 0.2547, 0.2720, 0.1004, -0.0091
1.8799, -0.5147, -0.5411
0.0000, 0.0000, 0.0000, 0.0394, 0.0557, 0.0392, 0.0526, -0.0943, 0.1857
0.0341, 0.0928, 0.2478, 0.3041, 0.0934, -0.3379
2.4194, 0.0086, 2.4278
0.0000, 0.0000, 0.0000, -0.0007, 0.0041, -0.0007, 0.0042, -0.0007, 0.0041
0.0037, -0.2044, -0.0494, 0.2737, -0.2037, -0.0161
1.0867, 2.4239, -3.0778
0.0000, 0.0000, 0.0000, -0.0257, -0.0312, -0.0264, -0.0294, -0.1139, 0.0556
-0.1041, -0.0202, 0.1348, -0.3763, -0.0196, 0.0127
1.9829, 0.7280, -0.9818
0.0000, -0.0044, -0.0050, 0.0504, -0.0722, 0.1653, 0.0943, 0.0169, -0.0362
0.0773, 0.0042, 0.1592, 0.3473, 0.0048, 0.0190
2.0759, 0.6784, -0.9202
0.0000, -0.0000, -0.0000, -0.0315, 0.0317, 0.0384, 0.1382, -0.0285, 0.0230
-0.0032, -0.1776, -0.0226, -0.2732, -0.1769, -0.0591
1.1839, 2.4252, 3.2671
0.0000, 0.0000, 0.0000, -0.0325, -0.0530, -0.0305, -0.0483, 0.2307, -0.2892
-0.2932, 0.0018, 0.1568, -0.0232, 0.0024, -0.0260
0.9714, -2.2499, 1.7651
0.0000, 0.0000, 0.0000, 0.0292, -0.0185, 0.0523, 0.0259, 0.0318, -0.0230
-0.0100, -0.2878, -0.1328, 0.2600, -0.2871, -0.2602
0.3131, 2.5901, -0.4330
0.0000, 0.0000, 0.0000, -0.0000, -0.0000, -0.0000, -0.0000, 0.0000, -0.0000
-0.0020, 0.1007, 0.2557, -0.2720, 0.1013, 0.0002
1.8882, 2.6321, -2.5963
0.0000, 0.0000, 0.0000, -0.0350, -0.0497, -0.0349, -0.0467, 0.0970, -0.1781
0.0035, -0.2228, -0.0678, 0.2735, -0.2222, -0.0008
1.0226, 2.4237, -3.1208
0.0000, 0.0000, 0.0000, -0.0239, -0.0291, -0.0245, -0.0275, -0.1030, 0.0493
0.3056, 0.0013, 0.1563, 0.0356, 0.0020, -0.0126
0.9178, 0.8807, 1.3358
0.0000, -0.0000, -0.0000, -0.0266, 0.0174, -0.0474, -0.0226, -0.0290, 0.0215
0.2790, 0.0017, 0.1567, 0.0090, 0.0024, -0.0394
1.0306, 0.9020, 1.4216
0.0000, -0.0000, -0.0000, -0.0317, 0.0201, -0.0575, -0.0291, -0.0345, 0.0250
-0.3682, -0.0065, 0.1485, -0.0982, -0.0058, -0.1793
0.4179, -2.4660, -0.9806
0.0000, -0.0000, -0.0001, -0.0000, 0.0000, 0.0000, 0.0000, -0.0000, 0.0000
-0.0502, 0.0050, 0.1600, -0.3202, 0.0057, 0.0120
1.9909, 0.7258, -0.9746
0.0000, -0.0001, -0.0002, 0.0361, -0.0223, 0.1359, 0.1243, 0.0358, -0.0143
0.0773, 0.0042, 0.1592, 0.3473, 0.0048, 0.0190
2.0759, 0.6784, -0.9202
0.0000, -0.0000, -0.0000, -0.0315, 0.0317, 0.0384, 0.1382, -0.0285, 0.0230
-0.2626, 0.0016, 0.1566, 0.0074, 0.0023, -0.0528
1.0958, -2.2303, 1.6702
0.0000, 0.0000, 0.0000, 0.0344, -0.0219, 0.0634, 0.0328, 0.0375, -0.0273
-0.0100, -0.2878, -0.1328, 0.2600, -0.2871, -0.2602
0.3131, 2.5901, -0.4330
0.0000, 0.0000, 0.0000, -0.0000, 0.0000, -0.0000, 0.0000, -0.0000, 0.0000
-0.0020, 0.1203, 0.2753, -0.2720, 0.1210, 0.0188
1.9443, 2.6654, -2.5700
0.0000, 0.0000, 0.0000, -0.0366, -0.0516, -0.0368, -0.0490, 0.0836, -0.1692
-0.0363, 0.0038, 0.1588, -0.3063, 0.0044, 0.0244
1.9491, 0.7465, -1.0025
0.0000, 0.0000, 0.0000, 0.0358, -0.0243, 0.1317, 0.1173, 0.0349, -0.0156
-0.3669, -0.0070, 0.1480, -0.0969, -0.0063, -0.1826
0.4178, -2.4660, -0.9805
0.0000, 0.0000, 0.0000, 0.0034, -0.0023, 0.0038, -0.0018, 0.0026, -0.0016
-0.0313, 0.0049, 0.1599, -0.3013, 0.0055, 0.0288
1.9336, 0.7539, -1.0130
0.0000, -0.0000, -0.0000, 0.0369, -0.0236, 0.1313, 0.1160, 0.0359, -0.0149
0.0365, 0.0943, 0.2493, 0.3065, 0.0950, -0.3354
2.4194, 0.0092, 2.4278
0.0000, 0.0000, 0.0000, -0.0000, 0.0000, -0.0000, 0.0000, -0.0000, 0.0000
-0.0044, -0.1433, 0.0117, -0.2744, -0.1427, -0.0637
1.3200, -0.7033, -0.2046
0.0000, 0.0000, 0.0000, 0.0385, 0.0455, 0.0418, 0.0465, 0.1598, -0.0717
-0.3407, 0.0361, 0.2461, -0.6436, 0.0354, -0.5404
2.5947, 3.1041, 1.2400
-0.0000, -0.0116, -0.0131, -0.0149, -0.0033, -0.0268, -0.0064, -0.0101, -0.0155
-0.4074, -0.0083, 0.2017, -0.1104, -0.0083, 0.0151
1.5069, -2.8648, 1.4687
0.0000, 0.0000, 0.0000, 0.0010, -0.0332, 0.0764, -0.0118, 0.0033, -0.0381
0.3127, 0.0534, 0.2634, 0.6097, 0.0534, -0.5106
2.6031, -0.0505, 1.9070
0.0000, -0.0000, -0.0000, -0.0000, 0.0000, -0.0000, 0.0000, -0.0000, 0.0000
0.3127, 0.0534, 0.2634, 0.6097, 0.0534, -0.5106
2.6031, -0.0505, 1.9070
0.0000, -0.0000, -0.0000, -0.0000, 0.0000, -0.0000, 0.0000, -0.0000, 0.0000
0.3127, 0.0534, 0.2634, 0.6097, 0.0534, -0.5106
2.6031, -0.0505, 1.9070
0.0000, 0.0000, 0.0000, -0.0000, -0.0000, -0.0000, -0.0000, -0.0000, -0.0000
